22.552818
221.882881
353.860770
357.691194
341.947755
378.536769
226.513744
216.468405
235.927000
381.050284
24.352362
386.729268
32.938616
408.589156
390.256184
20.763772
42.334720
394.884418
152.161194
290.367695
294.286527
437.392503
438.313004
351.805789
350.000000
186.438427
302.231302
323.564110
314.343276
188.000000
198.000000
201.762006
194.497511
203.610243
337.897348
193.519886
336.825011
241.713824
205.070651
327.555030
337.236890
189.251103
91.676903
330.649785
172.892464
288.314437
125.031335
313.377314
